5x5 DoG Kernel (sigma=2) - X direction: 
[[ 0.044  0.064  0.073  0.064  0.044]
 [ 0.032  0.047  0.053  0.047  0.032]
 [-0.    -0.    -0.    -0.    -0.   ]
 [-0.032 -0.047 -0.053 -0.047 -0.032]
 [-0.044 -0.064 -0.073 -0.064 -0.044]]
5x5 DoG Kernel (sigma=2) - Y direction: 
[[ 0.044  0.032 -0.    -0.032 -0.044]
 [ 0.064  0.047 -0.    -0.047 -0.064]
 [ 0.073  0.053 -0.    -0.053 -0.073]
 [ 0.064  0.047 -0.    -0.047 -0.064]
 [ 0.044  0.032 -0.    -0.032 -0.044]]